118
71
66
64
65
1037
1036
1034
1033
1035
70
67
69
68
407
406
221
203
201
202
211
210
209
204
208
205
206
207
220
212
1304
1302
1218
1300
1299
1219
1220
1221
1298
1296
1222
1223
1224
1236
1234
1225
1235
1237
1249
1247
1238
1248
1250
1262
1260
1251
1259
1257
1252
1253
1254
1255
1256
1258
1261
1263
1264
1265
1266
1276
1275
1267
424
417
423
418
422
421
420
419
1268
1269
1274
1272
1270
1271
1273
1277
1278
1279
1280
1281
1282
1283
1284
1285
1286
1287
1288
1289
1290
1291
1292
1293
1294
1295
1297
477
476
475
483
482
481
1362
1361
1359
1328
1329
1330
1331
1335
1334
1332
1333
1336
1339
1337
437
428
436
429
435
434
431
430
433
432
1338
1340
1344
1343
1341
1342
1345
1348
1346
440
438
439
1347
1349
1353
1352
1350
1351
1354
1357
1355
461
452
460
453
459
458
455
454
457
456
1356
1358
1360
1692
1691
1689
1672
1673
1674
1675
1676
1677
1678
1679
1680
1681
1682
1683
1684
1685
1686
1687
1688
1690
1301
1303
216
213
215
214
219
217
218
127
122
126
123
125
124
