52
47
1089
1087
1061
1085
1084
1062
1083
1081
1063
1064
1067
1065
411
410
409
416
412
415
413
414
1066
1068
1071
1069
1070
1072
1075
1073
1074
1076
1079
1077
1078
1080
1082
1215
1213
1191
1192
1194
1193
1730
1728
1724
1725
1726
1727
1729
1195
1197
1196
1721
1719
1705
1706
1709
1707
1708
1710
1713
1711
1712
1714
1717
1715
1716
1718
1720
1198
1199
1201
1200
1394
1392
1307
1308
1311
1309
487
465
486
485
484
466
468
467
472
474
473
478
480
479
1310
1312
1316
1315
1313
1314
1317
1321
1320
1318
1319
1322
1326
1325
1323
1324
1327
1389
1388
1387
1385
1363
1364
1365
1366
1370
1369
1367
1368
1371
1374
1372
490
488
489
1373
1375
1379
1378
1376
1377
1380
1383
1381
443
441
442
1382
1384
1386
1390
1391
1393
1202
1203
1204
1205
1206
1207
1208
1210
1209
1702
1700
1510
1511
1514
1512
1513
1515
1518
1516
1517
1519
1522
1520
1521
1523
1526
1524
1525
1527
1528
1529
1560
1530
1558
1557
1559
1561
1617
1562
1615
1614
1616
1618
1669
1619
1667
1666
1668
1670
1696
1671
1694
1693
1695
1697
1698
1699
1701
1211
1212
1214
1086
1088
51
48
50
49
189
184
181
182
183
1507
1505
1399
1400
1401
1504
1503
1402
1403
1404
1502
1500
1405
1406
1418
1416
1407
1417
1419
1420
1488
1487
1421
427
425
426
1422
1486
1484
1423
1424
1430
1429
1425
1426
1427
1428
1398
1397
1060
1058
1056
1030
1031
1041
1032
1039
1038
1040
1042
1045
1043
1044
1046
1047
1049
1048
1050
1051
1053
1052
1054
1055
1057
1431
1437
1436
1432
1433
1434
1435
1438
1445
1444
1439
1440
1441
1442
1443
1446
1453
1452
1447
1448
1449
1450
1451
1454
1460
1459
1455
1456
1457
1458
1461
1467
1466
1462
1463
1464
1465
1468
1474
1473
1469
1470
1471
1472
1475
1476
1482
1480
1477
1478
1479
1481
1483
1485
1489
1490
1491
1492
1493
1494
1495
1496
1497
1498
1499
1501
471
470
469
1613
1612
1610
1563
1564
1565
1566
1567
1568
1569
1570
1571
1572
1573
1574
1575
1576
1577
1578
1579
1580
1581
1582
1583
1584
1585
1586
1587
1588
1589
1590
1591
1592
1593
1594
1595
1596
1597
1598
1599
1600
1601
1602
1603
1604
1605
1606
1607
1608
1609
1611
1506
188
185
187
186
62
57
54
55
56
1188
1186
1094
1095
1096
1185
1184
1097
1098
1099
1183
1181
1100
1101
1113
1111
1102
1112
1114
1126
1124
1115
1125
1127
1139
1137
1128
1138
1140
1141
1170
1169
1142
464
462
463
1143
1168
1166
1144
1145
1151
1150
1146
1147
1148
1149
1093
1092
1152
1159
1158
1153
1154
1155
1156
1157
1160
1161
1164
1162
1163
1165
1167
1171
1172
1175
1173
1174
1176
1179
1177
1178
1180
1182
1556
1555
1553
1531
1532
1533
1534
1535
1536
1537
1538
1539
1540
1541
1542
1543
1544
1545
1546
1547
1548
1549
1550
1551
1552
1554
1187
61
58
60
59
