52
47
1078
1076
1050
1074
1073
1051
1072
1070
1052
1053
1056
1054
400
399
398
405
401
404
402
403
1055
1057
1060
1058
1059
1061
1064
1062
1063
1065
1068
1066
1067
1069
1071
1204
1202
1180
1181
1183
1182
1719
1717
1713
1714
1715
1716
1718
1184
1186
1185
1710
1708
1694
1695
1698
1696
1697
1699
1702
1700
1701
1703
1706
1704
1705
1707
1709
1187
1188
1190
1189
1383
1381
1296
1297
1300
1298
476
454
475
474
473
455
457
456
461
463
462
467
469
468
1299
1301
1305
1304
1302
1303
1306
1310
1309
1307
1308
1311
1315
1314
1312
1313
1316
1378
1377
1376
1374
1352
1353
1354
1355
1359
1358
1356
1357
1360
1363
1361
479
477
478
1362
1364
1368
1367
1365
1366
1369
1372
1370
432
430
431
1371
1373
1375
1379
1380
1382
1191
1192
1193
1194
1195
1196
1197
1199
1198
1691
1689
1499
1500
1503
1501
1502
1504
1507
1505
1506
1508
1511
1509
1510
1512
1515
1513
1514
1516
1517
1518
1549
1519
1547
1546
1548
1550
1606
1551
1604
1603
1605
1607
1658
1608
1656
1655
1657
1659
1685
1660
1683
1682
1684
1686
1687
1688
1690
1200
1201
1203
1075
1077
51
48
50
49
178
173
170
171
172
1496
1494
1388
1389
1390
1493
1492
1391
1392
1393
1491
1489
1394
1395
1407
1405
1396
1406
1408
1409
1477
1476
1410
416
414
415
1411
1475
1473
1412
1413
1419
1418
1414
1415
1416
1417
1387
1386
1049
1047
1045
1019
1020
1030
1021
1028
1027
1029
1031
1034
1032
1033
1035
1036
1038
1037
1039
1040
1042
1041
1043
1044
1046
1420
1426
1425
1421
1422
1423
1424
1427
1434
1433
1428
1429
1430
1431
1432
1435
1442
1441
1436
1437
1438
1439
1440
1443
1449
1448
1444
1445
1446
1447
1450
1456
1455
1451
1452
1453
1454
1457
1463
1462
1458
1459
1460
1461
1464
1465
1471
1469
1466
1467
1468
1470
1472
1474
1478
1479
1480
1481
1482
1483
1484
1485
1486
1487
1488
1490
460
459
458
1602
1601
1599
1552
1553
1554
1555
1556
1557
1558
1559
1560
1561
1562
1563
1564
1565
1566
1567
1568
1569
1570
1571
1572
1573
1574
1575
1576
1577
1578
1579
1580
1581
1582
1583
1584
1585
1586
1587
1588
1589
1590
1591
1592
1593
1594
1595
1596
1597
1598
1600
1495
177
174
176
175
219
223
222
220
221
235
224
234
232
233
231
226
225
230
227
229
228
239
238
237
245
240
1125
1123
1118
1119
1120
1121
1122
1124
244
241
243
242
