106
90
89
368
346
287
286
91
95
94
92
93
369
105
98
104
99
103
100
101
102
155
154
163
158
156
157
36
1808
1806
1724
1725
1726
1804
1803
1727
1728
1802
1800
1729
1730
1788
1787
1731
440
433
439
434
438
437
436
435
1732
1786
1784
1733
1734
1740
1739
1735
1736
1737
1738
1723
1722
1741
1748
1747
1742
1743
1744
1745
1746
1749
1756
1755
1750
1751
1752
1753
1754
1757
1763
1762
1758
1759
1760
1761
1764
1770
1769
1765
1766
1767
1768
1771
1777
1776
1772
1773
1774
1775
1778
1779
1782
1780
1781
1783
1785
1789
1790
1791
1792
1793
1794
1795
1796
1797
1798
1799
1801
1654
1653
1651
1609
1610
1611
1612
1613
1614
1615
1616
1617
1618
1619
1620
1621
1622
1623
1624
1625
1626
1627
1628
1629
1630
1631
1632
1633
1634
1635
1636
1637
1638
1639
1640
1641
1642
1643
1644
1645
1646
1647
1648
1649
1650
1652
1805
1807
162
159
161
160
106
90
89
368
346
287
286
91
95
94
92
93
369
105
98
104
99
103
100
101
102
155
154
163
158
156
157
36
1808
1806
1724
1725
1726
1804
1803
1727
1728
1802
1800
1729
1730
1788
1787
1731
440
433
439
434
438
437
436
435
1732
1786
1784
1733
1734
1740
1739
1735
1736
1737
1738
1723
1722
1741
1748
1747
1742
1743
1744
1745
1746
1749
1756
1755
1750
1751
1752
1753
1754
1757
1763
1762
1758
1759
1760
1761
1764
1770
1769
1765
1766
1767
1768
1771
1777
1776
1772
1773
1774
1775
1778
1779
1782
1780
1781
1783
1785
1789
1790
1791
1792
1793
1794
1795
1796
1797
1798
1799
1801
1654
1653
1651
1609
1610
1611
1612
1613
1614
1615
1616
1617
1618
1619
1620
1621
1622
1623
1624
1625
1626
1627
1628
1629
1630
1631
1632
1633
1634
1635
1636
1637
1638
1639
1640
1641
1642
1643
1644
1645
1646
1647
1648
1649
1650
1652
1805
1807
162
159
161
160
