107
71
66
64
65
1026
1025
1023
1022
1024
70
67
69
68
396
395
210
192
190
191
200
199
198
193
197
194
195
196
209
201
1293
1291
1207
1289
1288
1208
1209
1210
1287
1285
1211
1212
1213
1225
1223
1214
1224
1226
1238
1236
1227
1237
1239
1251
1249
1240
1248
1246
1241
1242
1243
1244
1245
1247
1250
1252
1253
1254
1255
1265
1264
1256
413
406
412
407
411
410
409
408
1257
1258
1263
1261
1259
1260
1262
1266
1267
1268
1269
1270
1271
1272
1273
1274
1275
1276
1277
1278
1279
1280
1281
1282
1283
1284
1286
466
465
464
472
471
470
1351
1350
1348
1317
1318
1319
1320
1324
1323
1321
1322
1325
1328
1326
426
417
425
418
424
423
420
419
422
421
1327
1329
1333
1332
1330
1331
1334
1337
1335
429
427
428
1336
1338
1342
1341
1339
1340
1343
1346
1344
450
441
449
442
448
447
444
443
446
445
1345
1347
1349
1681
1680
1678
1661
1662
1663
1664
1665
1666
1667
1668
1669
1670
1671
1672
1673
1674
1675
1676
1677
1679
1290
1292
205
202
204
203
208
206
207
116
111
115
112
114
113
