62
57
54
55
56
1177
1175
1083
1084
1085
1174
1173
1086
1087
1088
1172
1170
1089
1090
1102
1100
1091
1101
1103
1115
1113
1104
1114
1116
1128
1126
1117
1127
1129
1130
1159
1158
1131
453
451
452
1132
1157
1155
1133
1134
1140
1139
1135
1136
1137
1138
1082
1081
1141
1148
1147
1142
1143
1144
1145
1146
1149
1150
1153
1151
1152
1154
1156
1160
1161
1164
1162
1163
1165
1168
1166
1167
1169
1171
1545
1544
1542
1520
1521
1522
1523
1524
1525
1526
1527
1528
1529
1530
1531
1532
1533
1534
1535
1536
1537
1538
1539
1540
1541
1543
1176
61
58
60
59
219
223
222
220
221
235
224
234
232
233
231
226
225
230
227
229
228
239
238
237
245
240
1125
1123
1118
1119
1120
1121
1122
1124
244
241
243
242
62
57
54
55
56
1177
1175
1083
1084
1085
1174
1173
1086
1087
1088
1172
1170
1089
1090
1102
1100
1091
1101
1103
1115
1113
1104
1114
1116
1128
1126
1117
1127
1129
1130
1159
1158
1131
453
451
452
1132
1157
1155
1133
1134
1140
1139
1135
1136
1137
1138
1082
1081
1141
1148
1147
1142
1143
1144
1145
1146
1149
1150
1153
1151
1152
1154
1156
1160
1161
1164
1162
1163
1165
1168
1166
1167
1169
1171
1545
1544
1542
1520
1521
1522
1523
1524
1525
1526
1527
1528
1529
1530
1531
1532
1533
1534
1535
1536
1537
1538
1539
1540
1541
1543
1176
61
58
60
59
219
223
222
220
221
235
224
234
232
233
231
226
225
230
227
229
228
239
238
237
245
240
1125
1123
1118
1119
1120
1121
1122
1124
244
241
243
242
